-600.01
-599.95
-600.19
-599.71
-600.4
-599.81
-599.68
-600.19
-600.04
-600.2
-599.83
-600.41
-600.57
-600.52
-600.58
-600.79
-601.26
-600.24
-601.05
-600.61
-600.16
-600.71
-600.27
-600.58
-600.29
-600.36
-600.52
-600.63
-600.75
-600.73
-601.29
-601.21
-600.86
-600.96
-600.79
-600.95
-601.25
-601.11
-601.33
-601.81
-601.49
-601.23
-601.31
-601.57
-601.32
-601.38
-601.32
-601.16
-601.28
-601.74
-601.85
-601.57
-601.7
-601.65
-601.3
-601.13
-601.29
-601.42
-601.3
-601.41
-601.44
-601.37
-601.35
-601.35
-601.85
-601.99
-601.75
-601.38
-602.06
-601.14
-601.71
-600.97
-601.18
-600.79
-601.08
-600.7
-600.96
-600.48
-600.43
-600.46
-600.86
-601.06
-600.6
-600.53
-601.06
-600.47
-600.41
-599.95
-599.42
-599.26
-598.36
-597.66
-596.69
-595.78
-595.04
-594.07
-592.99
-592.45
-591.86
-590.64
-589.58
-588.76
-587.81
-587.32
-585.87
-585.1
-584.21
-583.75
-582.56
-580.82
-579.28
-577.81
-575.79
-573.06
-570.34
-567.19
-564.11
-560.68
-557.37
-553.97
-550.14
-546.71
-543.49
-540
-536.93
-533.16
-530.17
-526.02
-522.34
-518.24
-513.52
-509.56
-504.65
-500.44
-496.01
-491.42
-486.81
-482
-477.21
-472.65
-467.36
-462.84
-458.7
-453.45
-449.05
-444.18
-439.21
-434.49
-429.8
-424.95
-419.87
-414.33
-409.29
-404.79
-399.89
-395.17
-389.87
-385.9
-380.95
-376.52
-371.69
-367.76
-363.25
-358.72
-354.34
-350.55
-346.39
-343.03
-339.08
-335.27
-331.03
-327.14
-322.62
-318.76
-314.29
-310.59
-306.22
-302.83
-298.83
-295.41
-291.31
-287.88
-284.21
-280.45
-276.61
-273.33
-268.68
-266.1
-262.36
-258.44
-253.72
-250.42
-245.76
-243.1
-239.33
-235.71
-232.18
-228.85
-225.05
-222.09
-219.13
-216.16
-213.18
-210.38
-207.42
-204.86
-202.46
-200.26
-198.68
-196.86
-194.74
-192.97
-191.21
-189.43
-187.87
-186.18
-183.71
-183.14
-181.68
-180.23
-179.02
-177.7
-176.6
-175.67
-174.74
-173.99
-172.85
-172.54
-172.03
-172.09
-171.47
-171.4
-171.47
-171.69
-171.42
-172.08
-172.15
-172.73
-173.02
-172.83
-174.47
-175.24
-176.26
-177.26
-178.16
-179.08
-180.49
-181.49
-182.92
-184.15
-185.63
-187.11
-188.65
-190.58
-192.29
-193.95
-195.6
-197.78
-200.08
-202.45
-204.4
-206.35
-208.85
-211.27
-213.51
-215.83
-218
-219.99
-223.24
-225.9
-228.2
-229.93
-232.86
-235.4
-238.19
-240.15
-242.73
-245.07
-247.5
-249.98
-251.66
-253.91
-255.93
-257.57
-258.83
-260.3
-261.85
-263.81
-265.53
-266.56
-267.6
-268.63
-269.51
-270.06
-271.36
-268.79
-269.56
-273.48
-270.89
-271.74
-272.41
-273.36
-273.79
-274.27
-275.1
-278.97
-279.37
-279.72
-275.9
-275.9
-275.97
-279.89
-279.44
-278.9
-278.21
-277.77
-276.99
-276.32
-274.97
-273.57
-272.3
-270.99
-269.77
-263.97
-262.35
-260.71
-259.54
-261.7
-260.61
-258.93
-257.63
-252.67
-255.39
-253.81
-251.38
-247.18
-245.38
-243.13
-245.66
-244.38
-242.8
-241.49
-240.07
-238.59
-237.5
-236
-230.85
-232.88
-231.35
-226.03
-223.96
-222.39
-220.97
-223.05
-221.08
-216.58
-213.43
-215.76
-213.83
-212.16
-210.05
-204.17
-201.99
-202.63
-200.24
-194.96
-196.27
-193.93
-189.01
-187.04
-188.6
-183.72
-184.49
-179.73
-178.36
-176.49
-177.85
-173.33
-174.62
-173.1
-171.44
-170.02
-167.4
-166.31
-165.75
-164.02
-162.44
-159.73
-158.24
-157.84
-155.46
-155.38
-151.94
-150.75
-149.18
-148.35
-148.26
-147.3
-145.64
-144.19
-142.75
-141
-139.92
-138.98
-137.65
-137.07
-133.47
-133.35
-128.05
-130.24
-125.09
-125.18
-125.24
-124.84
-123.71
-123.5
-124.41
-124.07
-120.36
-119.53
-116.39
-116.63
-115.68
-122.04
-124.75
-124.18
-125.75
-122.56
-127.19
-127.03
-127.09
-129.97
-131.19
-131.21
-130.57
-131.42
-132.41
-133.04
-136.16
-135.6
-137.69
-139.87
-141.87
-141.37
-142.35
-143.94
-144.14
-145.84
-147.47
-148.69
-150.08
-153.8
-155.53
-157.17
-157.79
-162.85
-162.98
-165.65
-164.74
-169.63
-173.02
-172.69
-175.13
-179.65
-182.24
-183.11
-185.83
-187.53
-189.8
-191.95
-194.18
-196.28
-197.23
-200.61
-202.6
-206.74
-206.83
-210.23
-210.16
-210.11
-211.66
-213.73
-213.83
-215.02
-216.1
-218.5
-219.91
-221.37
-222.33
-224.27
-225.74
-227.19
-228.86
-230.19
-231.93
-233.56
-237.03
-238.22
-240.16
-240.08
-241.75
-243.24
-244.81
-246.52
-247.88
-249.39
-252.64
-254.59
-256.13
-256.34
-257.59
-260.3
-264.04
-263.7
-264.56
-265.89
-265.5
-269.2
-268.86
-268.31
-269.84
-271.98
-272.18
-270.28
-270.37
-271.41
-269.34
-267.26
-265.88
-265.84
-265.49
-264.05
-261.35
-260.23
-260.73
-257.93
-258.12
-254.41
-252.75
-254.1
-252.23
-250.99
-247.44
-246.02
-246
-243.29
-240.95
-241.24
-238.31
-238.85
-235.21
-233.78
-231.97
-231.26
-228.81
-229.06
-226.03
-224.26
-225.13
-223.28
-221.4
-223.59
-214.87
-220.31
-213.63
-211.73
-211.09
-208.5
-208.63
-208.88
-212.07
-206.96
-207.72
-206.61
-206.36
-205.52
-203.75
-204.28
-201.94
-202.87
-202.31
-202
-202.34
-201.74
-200.9
-200.66
-199.93
-198.84
-197.73
-197.01
-195.41
-195.34
-194.05
-193.2
-192.9
-192.18
-191.08
-189.63
-188.81
-187.94
-187.36
-186.57
-186.26
-185.48
-185.07
-183.97
-183.53
-183.65
-183.05
-181.97
-180.8
-180.81
-180.87
-180.69
-180.76
-180.84
-181.31
-181.72
-181.87
-182.21
-183.16
-183.97
-183.96
-184.65
-185.12
-185.96
-186.06
-186.64
-187.89
-188.42
-189.47
-189.79
-190.47
-191.28
-191.99
-193
-193.29
-194.42
-195.49
-196.07
-197
-198.42
-198.54
-199.72
-200.43
-201.83
-202.46
-203.27
-204.6
-205.9
-207.13
-208.91
-210.61
-212.06
-214.04
-215.99
-217.89
-219.26
-221.5
-224.05
-226.22
-227.75
-229.12
-231.42
-234.05
-235.28
-237.65
-239.61
-241.63
-243.23
-245.88
-247.52
-249.08
-251.57
-252.69
-255.19
-257.08
-258.69
-260.5
-262.29
-263.44
-265.96
-267.25
-268.86
-270.56
-271.57
-273.25
-274.47
-275.57
-277.33
-278.22
-279.52
-281.35
-282.66
-283.25
-285.25
-285.45
-286.88
-286.93
-288.58
-288.92
-289.49
-290.14
-291.4
-291.7
-292.31
-292.52
-293.15
-294
-293.98
-294.32
-294.05
-295.02
-294.56
-294.44
-294.49
-294.36
-294
-293.46
-293.38
-292.07
-291.84
-290.61
-289.49
-287.62
-287.5
-286.44
-285.4
-283.55
-282.13
-281.37
-280.27
-278.61
-276.98
-274.45
-273.79
-271.81
-271.2
-269.09
-268.72
-267.52
-265.89
-264.43
-263.05
-261.85
-260.62
-259.19
-258.13
-256.93
-255.75
-254.45
-253.17
-251.97
-249.28
-248.78
-247.36
-246.1
-244.71
-243.26
-241.97
-240.66
-239.49
-238.32
-237.2
-235.91
-234.77
-233.53
-232.48
-231.37
-230.58
-229.7
-228.38
-227.41
-226.42
-225.76
-224.97
-224.39
-223.56
-222.74
-222.37
-222.21
-221.12
-220.8
-220.63
-220.22
-219.6
-219.08
-218.47
-218.13
-217.42
-216.95
-216.28
-215.54
-215.03
-214.31
-214.23
-213.43
-212.97
-212.13
-212
-211.95
-210.92
-210.83
-208.56
-209.51
-209.18
-208.21
-207.64
-205.58
-206.34
-205.64
-205.21
-204.65
-203.62
-203.17
-202.51
-201.54
-200.87
-199.23
-198.28
-196.45
-196.12
-194.8
-193.62
-190.79
-192.1
-191.32
-191.53
-190.55
-187.97
-188.9
-188.28
-186.83
-184.85
-185.19
-183.92
-183.74
-181.48
-179.68
-179.82
-178.36
-178.05
-175.92
-173.74
-175.02
-174.46
-173.7
-172.08
-173.03
-173.98
-177.51
-175.4
-176.52
-176.08
-176.43
-175.81
-176.13
-175.9
-176.09
-178.07
-178.44
-178.2
-177.51
-178.2
-179.09
-180.2
-180.82
-184
-184.86
-184.15
-185.46
-187.16
-188.48
-191.87
-193.96
-194.23
-195.71
-197.67
-199.82
-201.08
-203.02
-206.09
-208.41
-209.77
-211.85
-211.52
-212.48
-214.98
-216.94
-218.68
-220.93
-224.49
-224.64
-227.01
-229.17
-230.93
-233.07
-235.46
-238.97
-241.14
-243.55
-245.61
-247.97
-250.71
-252.92
-255.56
-258.44
-261.25
-264.24
-265.89
-268.91
-271.6
-274.72
-277.68
-280.88
-283.81
-286.46
-289.36
-292.41
-295.02
-297.91
-300.68
-305.99
-308.51
-310.98
-312.99
-314.89
-314.33
-315.59
-316.8
-320.34
-318.5
-320.71
-319.8
-319.23
-320.03
-319.66
-321.97
-321.75
-322.73
-321.54
-321.13
-319.48
-320.04
-319.24
-321.16
-321.2
-321.76
-319.48
-319.4
-319.8
-319.73
-322.35
-322.73
-323.27
-321.77
-322.19
-322.22
-322.93
-322.74
-323.07
-323.36
-323.79
-326.74
-326.9
-327.27
-325.57
-328.45
-326.36
-328.09
-326.38
-327.19
-325.64
-324.65
-324.3
-324.96
-323.93
-323.56
-317.84
-314.24
-316.21
-316.52
-316.18
-315.54
-313.87
-314
-311.46
-312.31
-311.39
-309.94
-309.25
-308.46
-307.13
-307.48
-306.47
-306.21
-305.87
-304.92
-305.19
-304.88
-304.56
-304.17
-303.6
-304.27
-303.18
-302.77
-302.02
-302.44
-301.42
-300.82
-300.41
-299.89
-299.18
-298.91
-298.25
-297.45
-296.78
-296.46
-295.67
-295.07
-294.72
-294.93
-293.95
-294.46
-294.45
-294.19
-294
-294.29
-293.83
-294.09
-294.14
-294.22
-294.26
-294.12
-293.72
-293.64
-293.66
-293.56
-293.82
-293.42
-293.66
-292.52
-293.03
-292.99
-292.97
-292.63
-292.58
-292.38
-291.9
-291.23
-290.93
-290.7
-290.25
-290.39
-290.08
-289.99
-289.98
-290.35
-290.67
-290.5
-290.75
-290.84
-290.9
-291.08
-291.38
-291.12
-290.87
-290.96
-289.74
-290.22
-290.22
-289.9
-289.96
-289.64
-289.77
-289.45
-289.31
-289.1
-288.88
-289.17
-288.32
-288.72
-289.11
-288.51
-287.67
-286.15
-286.89
-286.1
-285.64
-284.65
-284.12
-284.34
-284.54
-284.28
-283.69
-283.81
-284.83
-285.28
-285.52
-285.66
-286.59
-287.1
-288.03
-288.12
-289.18
-290.59
-292.06
-294.48
-296.31
-297
-299.19
-301.02
-304.14
-306.21
-308.08
-311.43
-313.34
-315.17
-316.42
-319.41
-321.38
-323.04
-325.94
-328
-329.54
-332.33
-332.68
-335.01
-336.97
-337.12
-339.17
-339.67
-341.27
-342.48
-343.22
-343.95
-344.76
-345.1
-345.97
-345.77
-345.87
-345.07
-345.67
-344.9
-345.18
-344.54
-343.37
-341.76
-340.22
-337.9
-336.48
-334.31
-331.5
-329.77
-327.41
-324.66
-322.14
-319.61
-317.12
-315.6
-312.87
-309.89
-307.58
-306.17
-303
-301.28
-298.92
-297.16
-294.38
-292.53
-291.02
-289.49
-287.78
-286.64
-284.5
-284.27
-282.4
-281.98
-280.8
-279.81
-278.79
-278.12
-277.32
-276.97
-275.63
-276.1
-276.5
-276.38
-276.42
-277.49
-278.2
-277.69
-279.03
-279.52
-278.71
-278.55
-278.96
-278.52
-277.97
-277.51
-276.84
-276.18
-275.7
-275.14
-274.31
-273.57
-273.12
-272.53
-272.07
-271.57
-270.3
-270.46
-269.88
-269.62
-266.46
-266.26
-265.1
-264.8
-262.94
-261
-259.81
-259.4
-258.51
-258.56
-260.44
-257.52
-257.13
-259.13
-256.81
-256.73
-257.83
-260.14
-257.89
-258.27
-260.56
-258.61
-257.58
-258.89
-258.75
-256.75
-257.53
-257.69
-258.44
-257.41
-258.67
-259.14
-258.17
-258.42
-259.95
-258.42
-258.08
-258.68
-259.84
-258.85
-259.04
-259.96
-260.07
-259.09
-258.8
-261.33
-262.55
-259.64
-260.98
-262.22
-262.95
-260.88
-262.32
-262.71
-264.28
-262.82
-262.27
-264.49
-266.11
-264.2
-263
-264.33
-261.97
-262.12
-262.06
-262.55
-263.11
-263.11
-263.09
-266.95
-267.55
-265.74
-266.47
-269.32
-269.41
-265.48
-270.72
-271.21
-269.31
-269.5
-268.81
-269.07
-274.19
-278.18
-273.45
-285.34
-286.44
-287.26
-281.96
-285.28
-282.85
-284.67
-291.07
-292.53
-289.6
-291.79
-290.84
-293.19
-297.3
-299.6
-300.87
-303.25
-303.18
-304.42
-306.15
-308.41
-309.97
-315.15
-316.87
-318.73
-321.23
-321.17
-323.69
-326.34
-330.02
-332.65
-335.14
-338.09
-341.54
-343.31
-346.78
-349.76
-352.57
-354.97
-356.92
-359.27
-361.68
-364.2
-366.05
-368.63
-370.57
-372.18
-373.99
-375.38
-376.68
-378.21
-379.55
-380.78
-385.81
-386.38
-387.45
-388.48
-386.51
-386.92
-390.06
-388.24
-388.81
-392.01
-392.38
-392.2
-396.57
-393.61
-392.74
-393.8
-394.19
-397.44
-398.03
-401.76
-402.4
-402.84
-403.48
-401.65
-401.66
-401.61
-401.65
-402.78
-400.62
-405.96
-406.39
-406.96
-406.13
-406.55
-406.65
-406.91
-408.57
-411.24
-411.99
-413.29
-414.81
-415.79
-411.07
-411.48
-413.26
-413.18
-414.15
-416.13
-417.36
-418.16
-419.71
-421.49
-422.64
-423.21
-424.6
-424.89
-424.92
-425.72
-426.59
-426.85
-426.6
-426.94
-427.98
-428.09
-428.33
-428.41
-428.46
-427.78
-428.05
-428.14
-427.94
-427.86
-428.6
-428.21
-427.79
-426.19
-425.74
-425.56
-425.01
-424.48
-424.76
-425.59
-426.11
-426.65
-427.64
-427.07
-427.67
-428.14
-428.77
-430.93
-430.1
-432.23
-431.72
-432.43
-432.93
-433.34
-433.93
-435.41
-435.32
-436.41
-436.56
-436.81
-436.92
-437.19
-437.79
-437.95
-438.82
-438.55
-438.43
-438.06
-438.15
-437.65
-437.66
-437.63
-438.03
-438.1
-436.84
-435.8
-435.65
-436.47
-435.72
-436.01
-436.4
-437.57
-435.46
-436.1
-436.03
-435.96
-436.61
-436.51
-437.34
-437.37
-437.44
-437.45
-437.88
-438.1
-437.94
-437.82
-436.89
-438.18
-437.89
-437.43
-437.59
-437.87
-437.79
-438.07
-438.27
-438.51
-438.43
-438.71
-439.57
-439.84
-439.83
-440.48
-441
-441.63
-441.9
-442.6
-442.94
-443.2
-443.17
-443.45
-443.38
-443.81
-443.86
-443.55
-443.76
-443.68
-442.78
-443.53
-443.33
-443.25
-443.65
-443.02
-444.01
-444.2
-443.82
-443.84
-443.73
-443.79
-443.54
-442.75
-443.85
-443.05
-444
-444.39
-443.78
-444.78
-444.83
-445.08
-445.41
-445.92
-446.67
-447.21
-448.15
-448.77
-448.9
-450.8
-451.62
-452
-452.97
-453.99
-454.93
-457.2
-458.28
-459.6
-461.07
-462.52
-463.98
-466.37
-467.15
-468.99
-470.99
-473.73
-475.82
-477.86
-479.71
-481.84
-482.4
-484.94
-486.2
-487.41
-489.68
-491.08
-492.79
-494.26
-494.66
-496.68
-497.93
-497.93
-498.89
-500.89
-501.52
-502.14
-502.9
-503.94
-504.62
-505.76
-506.34
-506.16
-506.87
-508.22
-508.57
-509.33
-509.82
-510.55
-510.94
-511.58
-512.14
-512.81
-513.38
-513.78
-514.1
-514.36
-514.74
-514.98
-515.05
-514.7
-514.61
-514.76
-513.66
-513.54
-513.32
-512.27
-510.25
-509.62
-510.02
-509.01
-508.17
-506.65
-506.63
-505.56
-504.79
-503.46
-502.38
-500.4
-500.63
-498.82
-498.33
-498.62
-498.49
-496.74
-497.32
-496.4
-495.9
-495.21
-494.12
-493.22
-491.25
-490.69
-491.09
-490.98
-490.19
-487.48
-486.53
-484.36
-483.91
-482.9
-484.25
-480.81
-480.21
-478.88
-478.24
-476.94
-475.71
-477.41
-473.04
-472.72
-471.83
-470.47
-469.14
-471.89
-466.99
-469.55
-464.9
-464.51
-463.99
-463.31
-462.46
-461.01
-464.06
-459.42
-460.19
-458.57
-458.17
-460.14
-458.04
-457.29
-456.73
-456.9
-457.16
-456.96
-458.72
-458.95
-458.78
-457.2
-457.34
-458.19
-456.61
-453.77
-455.74
-453.26
-456.49
-453.42
-452.9
-452.33
-454.3
-454.51
-454.97
-453.39
-457.16
-456.44
-456.71
-456.5
-456.81
-458.66
-458.96
-457.05
-457.32
-457.19
-457.13
-456.34
-460.56
-459.83
-459.12
-459.49
-460
-461.2
-462.01
-463.07
-465.87
-466.97
-465.56
-470.17
-470.37
-469.33
-467.66
-471.72
-470.12
-474.19
-471.98
-472.82
-474.49
-478.81
-480.07
-481.88
-483.25
-484.31
-485.12
-481.58
-487.14
-488.59
-489.69
-491.72
-493.07
-494.66
-496.78
-498.29
-501.52
-503.35
-504.91
-506.52
-508
-509.28
-511.09
-512.16
-513.52
-512.81
-517.4
-519.12
-520.54
-522.26
-524.12
-522.3
-527.98
-530.21
-532.54
-534.86
-537.34
-540.03
-542.41
-544.76
-547.01
-549.29
-551.42
-553.68
-556.04
-557.89
-559.45
-561.6
-563.43
-565.37
-567.26
-569.06
-570.76
-571.98
-573.2
-574.67
-575.23
-576.26
-577.54
-576.74
-574.25
-575.28
-578.32
-578.23
-578.32
-578.04
-578.04
-576.23
-577.24
-578.09
-577.67
-578.29
-579.17
-577.54
-577.16
-577.75
-577.76
-577.75
-578.77
-577.11
-577.1
-576.73
-576.54
-576.52
-576.92
-576.33
-576.48
-576.66
-577.16
-577.54
-577.61
-579.2
-579.39
-580.42
-580.84
-581.54
-585.6
-586.44
-584.41
-585.17
-588.73
-588.67
-589.11
-589.11
-589.74
-590.06
-590.41
-590.41
-589.98
-589.96
-590.97
-591.16
-590.95
-591.44
-591.04
-589.63
-590.79
-590.53
-587.77
-587.58
-587.91
-587.82
-587.56
-588.26
-590.28
-589.78
-591.82
-592.64
-593.07
-593.62
-591.34
-593.93
-592.48
-592.94
-595.13
-595.78
-593.76
-593
-594.12
-596.46
-594.75
-595.56
-595.64
-593.51
-594.93
-593.41
-593.57
-592.6
-592.56
-591.49
-591.43
-590.72
-590.67
-590.88
-590.51
-590.06
-590.24
-589.93
-589.72
-589.63
-589.5
-589.67
-589.73
-589.55
-589.67
-590.34
-590.3
-591.09
-591.28
-591.74
-591.28
-592.52
-591.7
-594.35
-595.4
-596.43
-594.67
-595.01
-596.69
-598.49
-599.63
-604.22
-605.67
-603.32
-605.09
-606.14
-607.76
-609.04
-609.37
-609.75
-612.57
-612.15
-611.98
-614.03
-612.92
-614.6
-613.6
-615.55
-613.91
-617.84
-616.57
-616.69
-617.66
-617.47
-617.68
-617.41
-617.3
-617.33
-617.17
-615.49
-615.52
-616.11
-616.23
-615.79
-614.59
-615.18
-614.76
-613.92
-614.1
-613.01
-613.13
-611.43
-611.3
-611.51
-610.94
-609.97
-609.24
-609.54
-609.81
-609.3
-608.07
-607.01
-606.88
-606.52
-605.75
-605.4
-604.86
-604.79
-604.85
-604.5
-604.7
-604.39
-604.88
-603.88
-603.97
-603.51
-602.79
-602.72
-603.26
-603.56
-603.23
-603.6
-603.98
-603.49
-603.78
-603.28
-603.46
-604.24
-604.61
-604.46
-604.4
-604.75
-604.37
-603.99
-603.84
-603.64
-604.03
-603.74
-603.41
-602.65
-601.9
-600.5
-599.5
-598.63
-598.55
-596.74
-595.71
-595.17
-594.01
-592.49
-592.15
-590.78
-589.61
-589.06
-588.12
-586.4
-585.78
-584.08
-583.63
-581.38
-579.77
-578.51
-576.47
-575.87
-574.01
-572.2
-571.02
-569.75
-569.02
-567.03
-566.57
-564.57
-564.06
-562.26
-562.23
-560.94
-560.05
-558.55
-558.24
-557.45
-556.48
-555.45
-554.82
-552.96
-552.17
-552.03
-551.43
-550.73
-549.69
-548.89
-547.91
-546.46
-545.24
-545.14
-544.57
-543.4
-541.82
-539.95
-539.72
-539.11
-539.39
-538.58
-537.24
-535.86
-535.77
-536.04
-535.01
-534.84
-534.76
-534.81
-533.17
-532.62
-532.32
-533.59
-533.45
-533.21
-533
-533.92
-531.68
-531.96
-531.43
-529.95
-529.49
-528.56
-527.51
-526.48
-531.48
-527.17
-526.79
-526.33
-526.11
-525.12
-528.04
-524.75
-524.5
-523.77
-522.91
-525.93
-522.64
-523.56
-527.17
-525.61
-529.49
-528.06
-528.61
-529.62
-531.92
-531.4
-532.15
-531.44
-532.58
-532.3
-531.84
-531.48
-529.77
-531.29
-530.99
-529.28
-529.92
-530.88
-529.85
-529.99
-530.08
-530.43
-529.09
-529.9
-530.54
-531.13
-531.08
-530.76
-531.67
-531.73
-532.17
-532.55
-533.92
-533.68
-533.67
-535.18
-535.68
-536.76
-537.82
-539.58
-541.05
-541.85
-542.57
-543.24
-544.44
-545.46
-546.07
-546.95
-547.64
-548.16
-547.85
-549.43
-549.8
-549.99
-550.97
-551.56
-552.26
-552
-553.47
-553.72
-553.46
-552.65
-553.44
-553.72
-554.25
-554.18
-554.61
-554.85
-555.45
-557.02
-556.97
-557.22
-558.16
-558.09
-558.98
-559.34
-560.31
-559.99
-561.51
-559.17
-560.09
-560.27
-559.8
-560.57
-560.91
-559.77
-560.5
-561.06
-561.66
-561.93
-562.51
-563.17
-563.61
-564.05
-564.18
-564.47
-564.59
-564.84
-564.85
-565.12
-565.53
-565.76
-566.1
-566.66
-567.08
-567.41
-567.68
-567.66
-567.72
-567.9
-568.1
-568.43
-568.8
-569.69
-569.74
-570.22
-570.09
-570.66
-570.57
-570.59
-570.41
-570.39
-570.38
-570.32
-569.79
-570.26
-570.43
-570.35
-570.57
-571.06
-570.93
-571.46
-570.92
-571.74
-571.96
-572.7
-573.35
-574.23
-574.73
-575.26
-576.66
-572.61
-573.04
-573.04
-572.84
-573.15
-573.41
-573.51
-573.75
-573.86
-574.39
-574.58
-574.48
-574.53
-574.45
-573.88
-573.65
-573.33
-573.01
-572.09
-571.2
-570.28
-569.42
-568.09
-566.86
-565.87
-564.13
-563.02
-561.64
-559.81
-557.88
-555.97
-554.01
-551.75
-549.62
-547.32
-544.84
-542.48
-540.05
-538.07
-535.42
-532.51
-529.94
-527.38
-524.91
-522.67
-519.55
-516.51
-513.51
-510.3
-506.97
-503.7
-500.49
-497.21
-493.89
-490.79
-490.53
-484.94
-481.62
-479.05
-475.98
-473.02
-469.67
-466.35
-461.79
-458.88
-455.17
-451.76
-448.86
-444.85
-441.23
-438.05
-435.23
-432.25
-429.13
-426.02
-422.42
-418.95
-415.47
-411.28
-407
-402.15
-397.8
-393.35
-389.28
-384.48
-380.68
-377.64
-372.64
-369.23
-364.19
-359.73
-355.16
-350.28
-345.39
-340.21
-334.88
-330
-325.36
-320.48
-315.38
-310.78
-306.24
-301.32
-296.65
-292.09
-287.61
-283.52
-278.23
-273.81
-269.88
-264.6
-260.05
-255.66
-250.99
-246.86
-243.09
-239.01
-234.54
-231.04
-227.07
-223.11
-219.41
-215.68
-212.39
-209.44
-205.68
-203.46
-200.87
-198.22
-195.64
-193.23
-190.1
-187.28
-184.55
-181.79
-178.8
-175.73
-172.73
-169.69
-166.76
-164.39
-161.24
-158.51
-155.8
-153.05
-150.31
-147.5
-144.95
-142.28
-139.55
-136.96
-134.65
-132.81
-130.1
-127.86
-125.28
-123.37
-121.14
-119.4
-117.1
-115.37
-113.49
-112.6
-110.81
-109.89
-107.62
-106.63
-104.83
-103.07
-102.02
-100.76
-99.593
-97.801
-97.018
-95.298
-94.249
-93.237
-91.655
-90.469
-89.519
-88.726
-88.565
-88.512
-88.573
-88.618
-88.847
-88.876
-89.068
-89.661
-89.886
-90.658
-91.277
-91.765
-92.535
-93.401
-93.725
-94.43
-94.975
-96.104
-96.185
-97.153
-98.167
-98.878
-99.693
-100.67
-101.8
-103.06
-104.23
-105.48
-106.82
-108.27
-109.17
-110.62
-112.1
-113.64
-115.77
-117.39
-118.92
-120.81
-122.66
-124.25
-125.95
-127.59
-129.3
-131.41
-133.14
-135.32
-137.77
-140.01
-142.13
-144.69
-146.88
-149.03
-151.45
-153.48
-156.17
-158.52
-160.97
-163.69
-166.17
-169.25
-171.58
-174.09
-176.76
-179.67
-182.44
-185.24
-188.1
-190.62
-193.01
-195.82
-198.24
-200.71
-203.19
-205.77
-208.09
-210.68
-213.35
-216.29
-219.02
-222.24
-225.55
-228.47
-231.68
-234.74
-237.71
-240.82
-244.37
-247.19
-250.37
-253.96
-257.11
-260.77
-264.2
-268.16
-272.84
-276.21
-280.41
-284.45
-288.35
-293.06
-296.53
-300.69
-305.06
-308.7
-312.84
-317.12
-321.19
-325.55
-329.45
-333.28
-338.25
-341.28
-345.82
-350.06
-354.38
-359
-363.3
-367.51
-371.26
-376.71
-381.05
-384.97
-389.52
-394.38
-399.04
-403.72
-407.79
-411.94
-416.39
-420.69
-425.02
-429.02
-433.44
-437.64
-441.66
-445.9
-449.94
-453.93
-458.05
-462.08
-464.95
-469.64
-472.55
-477.21
-480.75
-483.55
-488.11
-492.14
-495.19
-499.46
-502.87
-506.26
-510.23
-513.54
-516.91
-520.54
-523.37
-526.89
-529.23
-532.93
-536
-539.98
-542.33
-545.98
-548.96
-551.51
-552.88
-555.92
-558.06
-559.58
-561.2
-563.03
-564.4
-565.75
-567.59
-569.36
-569.91
-572.07
-572.45
-574.63
-576.33
-577.48
-577.42
-578.63
-580.4
-581.1
-581.02
-582.36
-583.16
-583.85
-584.03
-585.16
-585.61
-586.39
-586.52
-586.03
-587.15
-587.86
-588.05
-588.57
-588.08
-589.41
-589.74
-589.15
-590.21
-590.58
-590.32
-591.01
-590.77
-590.5
-590.06
-589.91
-589.48
-588.69
-588.08
-586.66
-587.08
-585.75
-585.04
-584.61
-583.96
-582.03
-582.57
-581.82
-581.56
-580.44
-579.3
-578.05
-576.24
-573.97
-571.87
-570.59
-568.67
-565.49
-563.36
-558.98
-558.49
-555.1
-555.35
-553.09
-549.99
-543.43
-538.96
-536.28
-532.75
-527.96
-523.52
-519.92
-515.19
-510.59
-505.22
-500.85
-496.58
-491.93
-486.26
-481.82
-476.58
-473.84
-465.96
-461.01
-454.96
-449.21
-443.51
-437.8
-432.34
-426.87
-420.63
-415.02
-411.28
-403.8
-399.58
-394.06
-386.13
-379.89
-374.63
-369.06
-364.57
-358.75
-351.51
-345.66
-339.85
-333.96
-328.29
-321.91
-316.85
-310.35
-304.97
-298.82
-293.58
-288.94
-284.42
-276.99
-270.42
-266.17
-260.1
-256.12
-250.72
-244.2
-239.43
-233.27
-226.5
-221.22
-216.08
-210.81
-205.62
-200.53
-194.99
-191.35
-187.16
-183.02
-179.29
-175.74
-172.47
-169.17
-166.53
-163.1
-160.98
-158.6
-156.38
-154.08
-151.73
-149.98
-147.47
-145.01
-142.28
-139.79
-137.45
-134.54
-131.94
-129.6
-126.76
-123.28
-119.76
-116.85
-113.71
-110.02
-106.01
-104.18
-100.33
-97.581
-94.558
-90.89
-88.167
-85.342
-82.978
-79.502
-76.607
-74.613
-71.849
-68.323
-65.263
-62.316
-59.85
-57.606
-54.889
-52.284
-49.865
-47.082
-45.17
-42.434
-40.416
-38.189
-36.414
-34.443
-32.775
-30.363
-28.808
-26.647
-24.802
-23.511
-22.033
-21.154
-19.804
-19.059
-18.191
-17.07
-16.721
-15.998
-15.38
-14.575
-14.397
-13.474
-13.651
-13.238
-13.332
-13.628
-13.875
-14.427
-14.969
-15.437
-16.1
-17.25
-18.661
-20.064
-21.087
-22.63
-23.525
-24.79
-26.343
-27.732
-29.516
-31.209
-32.988
-35.098
-37.532
-40.388
-42.832
-45.455
-48.237
-51.164
-53.913
-56.026
-58.726
-61.746
-64.918
-67.745
-70.859
-73.697
-77.179
-80.19
-82.668
-86.003
-89.518
-93.025
-96.546
-100.56
-103.56
-107.55
-111.87
-115.56
-119.25
-123.22
-126.73
-130.67
-134.69
-138.34
-142.16
-145.59
-149.84
-153.58
-157.71
-161.72
-166.33
-170.09
-174.46
-178.23
-182.26
-186.35
-190.21
-194.65
-198.6
-203.09
-207.63
-212.07
-216.16
-220.16
-223.75
-227.47
-231.55
-235.21
-239.12
-241.86
-246.64
-250.46
-254.62
-258.59
-262.87
-267.04
-271.21
-275.59
-280.27
-284.2
-288.8
-293.41
-297.67
-302.47
-307.18
-311.76
-316.18
-320.8
-325.05
-329.19
-333.68
-337.72
-342.28
-346.76
-351.49
-356.01
-359.94
-364.19
-368.28
-372.65
-373.77
-380.04
-384.36
-388.28
-391.88
-395.94
-398.93
-402.25
-406.27
-409.08
-413.88
-417.6
-421.85
-428.66
-431.53
-435.43
-439.35
-443.45
-447.58
-451.95
-456.57
-460.82
-464.93
-468.68
-473.57
-478.24
-482.52
-486.32
-489.99
-494.15
-498.45
-502.72
-506.85
-510.99
-513.95
-521.26
-521.75
-524.51
-527.23
-530.33
-532.97
-534.87
-537.44
-540.94
-543.91
-546.41
-552.93
-552.3
-554.48
-556.74
-558.45
-560.05
-561.61
-562.98
-564.32
-565.64
-570.59
-568.22
-569.12
-569.74
-570.75
-570.99
-571.43
-571.81
-571.9
-576.72
-573.73
-573.86
-573.55
-573.92
-573.73
-573.34
-572.15
-572.11
-571.81
-570.98
-569.63
-568.12
-568.13
-566.43
-565.37
-563.7
-562.65
-560.78
-564.68
-559.23
-561.46
-555.88
-554
-552.07
-550.12
-548.05
-545.9
-543.6
-541.38
-539.06
-540.75
-538
-531.8
-532.83
-530.44
-527.65
-524.97
-522.7
-519.77
-517.83
-514.77
-508.05
-505.89
-503.42
-503.76
-500.72
-494.83
-491.94
-489.57
-486.01
-483.01
-479.8
-476.89
-473.91
-470.28
-467.01
-463.39
-458.97
-454.5
-452.28
-451.98
-446.88
-442.31
-438.34
-434.12
-430.88
-426.89
-423.76
-419.63
-413.71
-409.6
-404.77
-401.45
-396.89
-392.54
-387.83
-384.51
-380.4
-374.82
-370.37
-367.17
-363.83
-358.78
-354.94
-351.44
-346.61
-342.37
-338.31
-335.09
-332.19
-328.57
-324.64
-320.62
-317.36
-314.57
-311.74
-307.68
-301.92
-301.71
-295.92
-292.9
-289.74
-287.6
-283.85
-282.3
-277.16
-274.07
-271.67
-267.61
-264.53
-261.08
-257.42
-254.17
-250.11
-246.07
-242.61
-238.52
-234.46
-230.1
-225.32
-221.5
-216.8
-212.94
-208.31
-204.19
-199.72
-195.65
-191.47
-187.15
-182.45
-178.24
-173.53
-168.85
-163.75
-159.26
-154.43
-150.15
-145.5
-141.07
-137.15
-133.78
-130.3
-127
-123.9
-120.53
-117.76
-114.84
-111.66
-108.75
-105.96
-103.63
-101.42
-99.126
-96.734
-94.482
-92.137
-89.653
-87.701
-85.764
-83.703
-81.208
-79.356
-77.312
-75.212
-73.117
-70.737
-68.509
-66.365
-64.573
-62.636
-61.066
-59.511
-58.317
-56.56
-55.585
-54.236
-53.684
-53.099
-52.428
-52.133
-51.826
-51.474
-51.56
-51.409
-51.86
-51.519
-52.194
-52.509
-52.982
-53.542
-54.254
-54.979
-55.842
-56.641
-57.891
-59.153
-60.358
-61.533
-62.658
-63.886
-65.083
-66.182
-67.698
-69.275
-70.8
-72.312
-74.162
-75.937
-77.535
-79.499
-80.824
-82.943
-84.843
-87.049
-88.491
-90.712
-93.307
-95.697
-97.178
-99.968
-101.58
-104.53
-107.03
-109.51
-111.74
-113.89
-115.87
-117.56
-120.03
-122.4
-124.51
-126.74
-129.35
-131.76
-134.25
-136.9
-139.7
-142.73
-145.99
-149.04
-151.38
-155.22
-158.81
-160.81
-164.8
-168.53
-172.03
-175.96
-179.91
-182.99
-187.7
-191.59
-195.11
-199.73
-203.97
-208.42
-212.06
-215.09
-219.67
-222.88
-227.04
-229.66
-234.35
-237.08
-240.53
-244.3
-247.63
-251.37
-254.93
-258.64
-262.24
-266.15
-269.91
-273.61
-277.2
-280.74
-283.4
-287.98
-291.96
-295.6
-299.51
-302.81
-306.7
-310.59
-314.35
-317.84
-321.83
-325.16
-328.79
-332.29
-335.72
-339.03
-342.86
-346.27
-349.75
-353.69
-357.56
-361.3
-365.17
-368.94
-372.26
-375.95
-379.14
-381.87
-387.2
-388.63
-392.71
-395.4
-397.72
-400.29
-402.97
-405.92
-409.33
-412.28
-414.4
-417.51
-420.25
-424.65
-427.96
-430.81
-433.91
-437.04
-439.84
-442.61
-445.38
-448.19
-451.11
-453.56
-456.8
-459.4
-462.39
-466.01
-468.57
-471.29
-474.26
-477.39
-480.06
-483.04
-485.75
-488.66
-490.87
-493.41
-496.23
-497.94
-500.4
-502.61
-504.54
-506.76
-509.09
-511.17
-512.91
-515.13
-516.85
-518.28
-519.97
-521.42
-522.72
-524.42
-525.48
-526.46
-527.22
-528.45
-529.28
-530
-530.49
-531.07
-531.32
-531.78
-531.91
-532.78
-533.44
-533.54
-533.99
-533.83
-533.67
-534.05
-534.46
-534.87
-534.63
-534.04
-534.39
-534.14
-533.81
-533.56
-533.35
-532.86
-532.8
-532.91
-532.05
-532
-531.55
-531.69
-531.63
-531.97
-531.65
-531.31
-530.71
-530.54
-529.85
-529.07
-528.88
-528.28
-527.73
-526.34
-525.72
-524.56
-523.61
-522.35
-521.1
-519.3
-517.39
-515.58
-513.84
-511.52
-509.46
-507.63
-504.99
-502.55
-499.89
-497.88
-495.56
-492.95
-490.46
-488.04
-485.3
-482.59
-480.36
-476.12
-472.37
-471.32
-466.78
-463.78
-463.05
-460.28
-457.03
-452.16
-448.32
-447.56
-442.3
-439.53
-436.05
-432.56
-428.96
-425.34
-421.79
-418.09
-414.04
-410.25
-405.71
-401.63
-397.7
-393.51
-389.83
-386
-381.5
-377.88
-375.18
-371.1
-368.15
-363.91
-360.83
-358.19
-354.93
-351.95
-348.44
-345.02
-341.44
-338.09
-334.02
-330.92
-327.01
-323.5
-320.56
-315.5
-311.62
-307.49
-302.84
-299.41
-295.43
-291.56
-287.32
-283.42
-279.82
-276.28
-271.48
-268.41
-263.33
-257.69
-253.95
-250.46
-246.41
-242.72
-238.05
-233.73
-229.44
-223.58
-220.15
-215.46
-211.54
-206.96
-203.18
-198.76
-195.04
-189.47
-186.04
-181.67
-178.92
-172.52
-170.18
-165.83
-162.76
-156.95
-153.89
-151.2
-146.34
-143.1
-141.36
-137.7
-134.57
-130.49
-128.72
-125.96
-122.9
-120.74
-118.63
-117.91
-114.55
-112.91
-112.12
-110.37
-108.12
-104.94
-103.01
-101.99
-98.497
-96.498
-94.01
-93.04
-89.823
-87.23
-85.085
-82.552
-81.868
-78.87
-76.702
-75.613
-74.215
-72.492
-69.646
-67.447
-65.846
-64.085
-64.227
-62.786
-59.809
-59.015
-58.046
-57.663
-57.116
-56.629
-60.463
-55.947
-55.625
-55.166
-55.043
-60.608
-57.063
-55.689
-63.016
-56.668
-57.402
-61.941
-59.092
-65.125
-65.848
-65.961
-62.161
-66.168
-69.512
-69.461
-67.849
-69.907
-69.423
-70.949
-71.165
-76.126
-76.928
-74.425
-76.521
-79.157
-80.219
-81.928
-83.561
-87.974
-90.113
-91.176
-94.879
-96.709
-99.289
-100.99
-102.81
-105.25
-107.48
-109.53
-112.5
-115.04
-117.39
-121.49
-124.39
-127.49
-129.28
-131.81
-135.38
-138.2
-141.83
-145.02
-148
-151.78
-156.35
-160.06
-164.43
-170.66
-175.04
-179.35
-182.92
-188.38
-192.11
-195.96
-201.26
-206.16
-210.39
-214.7
-219.42
-216.63
-228.71
-226.13
-233.02
-238.04
-242.67
-247.48
-250.67
-255.31
-259.44
-263.8
-268.14
-273.82
-277.87
-281.88
-285.97
-288.97
-292.09
-295.67
-299.15
-305.17
-307.09
-312.15
-312.51
-314.99
-318.44
-322.56
-322.43
-326.71
-330.33
-334.41
-336.99
-339.36
-340.81
-346.26
-348.52
-351.94
-354.09
-357.73
-360.88
-363.96
-366.79
-369.96
-372.88
-375.97
-378.96
-382.2
-384.89
-388.13
-390.99
-393.66
-396.98
-399.83
-402.46
-405.06
-408.18
-410.09
-412.86
-415.21
-417.84
-420.96
-422.67
-425.06
-427.52
-429.59
-430.81
-432.98
-436.3
-437.55
-439.49
-441.12
-442.76
-444.23
-445.5
-447.1
-447.3
-448.81
-452.3
-452.29
-453.87
-455.49
-456.35
-457.63
-459.23
-460.29
-461.2
-462.58
-463.68
-465.08
-469.35
-471.66
-473.51
-471.77
-474.12
-476.59
-478.41
-482.7
-484.68
-486.73
-486.68
-490.32
-489.83
-494.12
-496.61
-498.63
-498.93
-502.02
-504.11
-506.56
-508.77
-510.91
-513.25
-514.64
-515.78
-517.99
-519.44
-520.81
-522.97
-524.15
-525.76
-526.43
-527.57
-528.61
-529.39
-530.38
-530.63
-531.56
-531.89
-531.93
-532.51
-532.86
-533.17
-533.4
-533.47
-533.71
-533.75
-533.96
-533.93
-534.26
-533.64
-533.59
-533.3
-533.56
-533.74
-534.3
-534.3
-534.8
-534.75
-535.24
-535.58
-535.64
-535.78
-533.79
-535.18
-534.19
-534.83
-533.09
-530.84
-534.82
-534.92
-534.01
-533.81
-529.91
-528.36
-527.43
-530.15
-528.29
-526.65
-524.33
-521.51
-519.34
-516.76
-514.14
-511.03
-508.06
-500.61
-500.48
-493.22
-491.94
-488.56
-485
-480.14
-474.75
-470.38
-466.41
-460.84
-456.94
-451.23
-446.3
-440.66
-437.14
-431.91
-424.6
-418.29
-412.99
-406.55
-403.49
-397.69
-391.56
-385.45
-378.98
-371.28
-365.04
-361.08
-355.17
-346.98
-340.95
-333.35
-329.04
-322.99
-317.4
-311.51
-305.76
-300.29
-294.75
-287.83
-283.71
-278.46
-273.18
-267.11
-262.07
-255.65
-249.12
-245.06
-240.6
-234.72
-230.18
-224.87
-220.28
-215.49
-210.68
-206.04
-202.07
-197.95
-193.6
-189.8
-181.19
-181.48
-182.61
-174.25
-174.76
-170.26
-164.98
-160.55
-156.96
-151.11
-152.6
-147.5
-146.19
-140.06
-138.12
-137.57
-134.52
-132.11
-126.97
-126.75
-124.05
-122.74
-120.13
-116.95
-117
-116.4
-113.73
-110.87
-111.41
-109.04
-107.63
-106.66
-105.74
-106.64
-105.71
-102.83
-102.43
-101.34
-102.29
-101.2
-99.571
-98.576
-98.708
-100.11
-99.625
-98.137
-98.378
-98.367
-98.371
-100.2
-100.68
-101.33
-100.03
-100.27
-100.28
-100.7
-100.94
-103.23
-100.92
-100.35
-100.57
-102.31
-100.24
-99.768
-99.197
-99.259
-98.771
-98.096
-96.528
-95.825
-95.39
-95.896
-95.297
-93.849
-93.524
-93.473
-93.311
-93.351
-93.164
-93.079
-93.729
-94.561
-93.415
-94.742
-94.459
-95.465
-97.013
-98.836
-97.982
-99.094
-98.775
-101.27
-100.73
-103.64
-103.4
-104.6
-106.16
-107.14
-108.49
-110.03
-111.25
-112.39
-113.42
-115.16
-118.01
-117.53
-118.46
-119.86
-120.92
-122.36
-123.56
-124.84
-127.48
-127.64
-129.2
-131.69
-135.13
-136.69
-138.53
-140.53
-140.61
-142.21
-144.3
-145.83
-147.53
-149.05
-153.13
-155.53
-157.23
-156.97
-158.89
-160.56
-162.28
-163.94
-167.71
-170.39
-171.57
-174.44
-177.58
-180.33
-183
-187.81
-191.12
-194.48
-196
-199.65
-203.18
-208.73
-211.49
-215.99
-219.86
-225.11
-230.87
-234.34
-238.26
-243.87
-248.08
-251.14
-255.77
-261.42
-264.27
-270.43
-275.04
-279.18
-283.46
-288.32
-292.87
-299.3
-303.26
-307.41
-311.95
-316.3
-323.13
-327.97
-332.11
-335.09
-339.93
-344.03
-350.67
-355.48
-359.45
-363.8
-368.67
-373.37
-377.82
-385.35
-388.63
-393.85
-400.69
-405.92
-411.17
-417.13
-422.18
-427.49
-432.65
-437.74
-442.71
-447.7
-452.67
-457.52
-462.55
-467.26
-472.63
-477.5
-481.82
-486.24
-490.57
-494.49
-498.88
-498.68
-502.63
-505.63
-508.59
-510.31
-513.09
-514.87
-516.95
-519.14
-521.16
-523.93
-525.65
-527.92
-530.09
-531.79
-533.91
-535.89
-537.66
-539.57
-540.97
-542.28
-543.3
-544.35
-544.97
-545.72
-546.71
-547.34
-547.92
-548.72
-549.43
-549.96
-550.56
-551.08
-551.34
-551.7
-551.98
-552.04
-551.92
-551.92
-551.73
-552.19
-552.21
-552.39
-552.28
-552.61
-553.41
-552.94
-553.14
-553.45
-554.05
-553.43
-553.45
-553.89
-554.21
-554.33
-556.47
-554.85
-555.16
-555.29
-555.55
-555.82
-555.98
-556.3
-556.61
-556.92
-557.58
-558.08
-558.49
-559.19
-559.71
-560.36
-560.79
-561.44
-561.9
-562.41
-562.71
-563.08
-563.11
-562.8
-562.3
-562.14
-562.02
-561.55
-561.4
-560.92
-560.6
-560.32
-559.97
-559.68
-559.56
-559.43
-559.26
-559.27
-559.13
-559.09
-559.02
-559.06
-559.13
-559.18
-559.37
-559.56
-559.68
-559.87
-560.05
-560.15
-560.4
-560.7
-560.89
-561.03
-563.12
-561.7
-564.13
-564.37
-562.73
-563.07
-563.29
-563.49
-563.72
-563.82
-564.64
-564.16
-564.29
-564.37
-564.49
-564.53
-564.57
-564.61
-564.85
-564.77
-564.57
-564.2
-563.45
-562.37
-560.78
-558.82
-556.74
-554.23
-551.7
-548.9
-545.79
-542.52
-539.05
-535.56
-531.63
-527.63
-523.55
-519.06
-514.61
-509.67
-504.68
-499.62
-494.32
-488.8
-483.51
-477.94
-472.33
-466.83
-461.12
-455.73
-450.11
-446.69
-441.37
-434.31
-429.23
-423.39
-417.91
-412.97
-408.39
-403.64
-399.27
-395.36
-391.77
-388.57
-387.33
-385.45
-382.05
-380.59
-379.48
-378.77
-378.63
-378.71
-378.87
-378.77
-379.41
-379.79
-380.29
-380.75
-381.62
-382.13
-383.07
-383.83
-384.49
-385.24
-385.8
-386.3
-386.8
-386.92
-387.09
-387.21
-386.99
-387.17
-386.64
-386.42
-385.62
-384.77
-384.13
-383.53
-382.23
-381.44
-380.64
-380.09
-379.37
-378.84
-378.34
-378.05
-377.17
-376.86
-376.38
-376.1
-375.88
-375.24
-374.92
-374.46
-373.88
-373.61
-372.96
-373.04
-372.96
-372.58
-372.96
-373.08
-373.25
-373.31
-373.64
-373.68
-373.96
-374.11
-374.02
-374.2
-373.93
-374.16
-374.08
-374.25
-374.07
-373.9
-373.76
-373.85
-373.85
-373.98
-374.22
-374.33
-374.82
-375.01
-375.21
-375.53
-375.86
-376.03
-376.2
-375.57
-376.06
-375.87
-376.48
-376.49
-376.65
-376.47
-376.96
-376.54
-375.62
-375.19
-375.66
-375.63
-375.78
-375.06
-374.72
-373.56
-373.35
-373.57
-374.29
-372.94
-373.67
-373.46
-373.19
-373.91
-374.01
-374.65
-374.79
-375.1
-374.75
-375.74
-378.78
-377.67
-378.72
-379.5
-380.25
-380.89
-381.46
-382.49
-383.16
-384.28
-385.25
-386.64
-388.04
-389.01
-390.57
-391.97
-393.55
-395.25
-396.57
-398.21
-399.67
-401.23
-402.43
-403.82
-404.84
-406.35
-407.38
-409.28
-410.72
-411.81
-413.28
-416.39
-417.33
-418.25
-420.3
-422
-423.41
-425.23
-427
-429.3
-430.62
-432.17
-433.91
-432.26
-434.36
-438.82
-440.15
-440.99
-442.27
-443.44
-444.86
-445.93
-443.85
-448.7
-449.85
-447.44
-447.83
-448.95
-453.45
-453.21
-457.39
-453.71
-454.73
-460.93
-461.91
-462.03
-460.66
-465.4
-464.41
-460.45
-464.14
-461.61
-461.92
-464.58
-465.62
-466.55
-465.93
-465.84
-462.39
-462.65
-461.99
-461.31
-464.8
-464.26
-460.64
-461.11
-460.77
-459.46
-463.12
-463.18
-459.48
-459.47
-459
-461.49
-458.44
-458.65
-462.61
-458.2
-458.29
-459.1
-461.29
-461.5
-461.49
-462.29
-462.02
-460.84
-462.33
-462.62
-463.41
-463.61
-463.19
-462.91
-461.52
-462.36
-461.78
-462.83
-461.88
-461.92
-462.24
-462.63
-462.5
-462.82
-463.24
-464.29
-464.73
-465.12
-465.67
-466.34
-467.22
-467.66
-468.56
-469.51
-469.42
-470.01
-470.75
-471.48
-472.51
-473.18
-473.81
-474.76
-475.45
-476.28
-476.91
-477.15
-477.73
-478
-478.44
-478.87
-479.24
-479.61
-480.4
-481.23
-482
-482.74
-483.68
-484.39
-485.21
-486.16
-486.72
-487.51
-488.02
-487.66
-488.5
-488.52
-488.6
-488.82
-488.76
-488.9
-488.83
-488.79
-488.8
-488.76
-488.63
-488.74
-488.47
-488.36
-488.15
-487.92
-487.57
-487.12
-486.58
-486.02
-485.5
-484.93
-483.71
-483.16
-483.1
-482.84
-482.46
-481.95
-481.58
-481.26
-480.72
-480.28
-479.7
-479.08
-478.31
-477.56
-476.75
-475.81
-474.95
-474.07
-473.39
-472.75
-472.04
-471.23
-470.37
-469.6
-468.84
-468.25
-467.57
-467.94
-466.52
-467.07
-466.11
-465.34
-465.72
-464.59
-463.35
-464.11
-462.91
-462.45
-463.53
-463.93
-463.31
-461.76
-462.23
-462.87
-463.35
-463.25
-462.54
-463.54
-464.34
-464.11
-464.57
-463.01
-463.44
-461.82
-460.86
-461.56
-462.19
-462.01
-462.22
-460.35
-459.32
-461.05
-460.66
-460.92
-459.64
-462.43
-460.83
-463.22
-459.98
-459.81
-460.7
-462.73
-462.8
-459.96
-459.84
-459.75
-462.5
-462.71
-463.56
-459.99
-460.84
-460.33
-461.16
-460.37
-460.8
-460.9
-461.48
-461.71
-462.31
-463.44
-467.73
-469.14
-469.29
-469.27
-468.36
-470.17
-471.21
-472.93
-473.89
-474.41
-475.94
-477.48
-478.65
-479.81
-481.85
-483.9
-485.08
-487.14
-488.65
-490.61
-492.81
-494.43
-496.59
-499.39
-501.29
-502.1
-504.02
-506.89
-508.65
-510.18
-511.66
-513.29
-514.74
-517.25
-517.73
-519.75
-520.08
-521.2
-521.93
-522.62
-523.14
-523.58
-524.68
-524.86
-524.61
-523.09
-523.73
-523.2
-522.7
-521.82
-519.66
-518.67
-519.66
-517.37
-516.03
-515.11
-514.13
-513.16
-512.57
-512.08
-510.98
-511.15
-510.29
-509.98
-509.75
-510.19
-510.06
-510.15
-510.44
-511.78
-512.11
-512.44
-512.86
-512.91
-511.55
-511.56
-511.21
-510.99
-510.46
-509.95
-509.58
-511.57
-511.34
-511.14
-508.78
-508.46
-510.37
-510.26
-510.96
-508.36
-509.88
-506.68
-508.41
-507.76
-507.42
-507.16
-504.77
-504.76
-506.84
-507.56
-506.6
-504.49
-504.04
-503.76
-503.32
-504.84
-504.77
-504.36
-502.07
-503.98
-503.8
-501.63
-501.58
-502.81
-501.32
-502.1
-501.72
-500.76
-500.71
-500.74
-500.55
-500.28
-500.48
-499.81
-499.42
-498.67
-498.5
-497.65
-497.64
-497.31
-496.83
-496.92
-496.55
-496.18
-496.31
-496.32
-496
-496.16
-495.92
-496.04
-495.94
-496.34
-496.28
-496.33
-496.9
-497.04
-497.13
-497.3
-497.69
-497.74
-497.29
-497.07
-497.39
-497.99
-497.17
-498.54
-498.72
-498.79
-498.58
-498.12
-498.48
-498.37
-498.45
-498.53
-498.81
-499.46
-499.57
-499.11
-499.67
-500.08
-500.87
-501.23
-501.46
-501.8
-502.22
-502.03
-502.12
-502.36
-502.12
-501.93
-502.56
-502.34
-501.77
-502.22
-502.37
-503.47
-503.77
-504.65
-504.31
-503.4
-504.37
-502.72
-501.19
-501.97
-503.71
-501.88
-504.06
-503.71
-503.08
-503.75
-502.54
-503.82
-502.09
-502.71
-502.21
-501.86
-501.49
-500.62
-499.21
-499.65
-497.46
-497.08
-496.49
-495.8
-494.85
-494.56
-493.8
-493.52
-493.11
-494.32
-493.69
-493.39
-492.62
-492.09
-491.76
-491.94
-490.3
-489.44
-488.3
-488.14
-487.26
-486.46
-485.23
-484.71
-484.05
-482.82
-481.94
-480.96
-480.26
-479.55
-478.35
-477.12
-476.63
-474.73
-474.4
-473.1
-472.56
-470.58
-469.34
-468.45
-467.88
-465.5
-465.07
-462.89
-461.56
-461.13
-458.34
-457.44
-456.86
-454.92
-453.86
-452.35
-450.85
-449.35
-447.64
-446.08
-445.25
-443.97
-442.12
-437.78
-437.14
-433.76
-431.84
-430.06
-432.94
-431.78
-426.84
-425.65
-424.46
-423.75
-422.42
-425.53
-424.48
-423.48
-418.61
-417.83
-416.6
-415.61
-414.78
-413.44
-412.99
-412.35
-411.69
-416.01
-411.12
-415.22
-414.94
-411.65
-410.38
-410.1
-410.91
-410.68
-409.53
-409.44
-409.79
-409.34
-409.18
-408.69
-408.8
-408.94
-408.89
-407.73
-408.44
-408.83
-409.53
-407.62
-408.48
-407.61
-408.1
-408.19
-408.29
-408.97
-408.93
-409.21
-409.01
-410.42
-411
-411.62
-419.19
-419.8
-416.21
-421.8
-417.19
-418.56
-419.68
-420.69
-421.76
-423.84
-423.34
-425.52
-425.42
-426.2
-427.08
-428.36
-434.39
-430.77
-430.6
-436.71
-433.27
-433.84
-434.23
-434.65
-433.44
-434.67
-433.59
-434.87
-433.21
-434.18
-433.85
-433.28
-438.25
-432.86
-432.56
-433.31
-431.4
-431.86
-431.14
-431.27
-430.02
-431.12
-431.37
-431.09
-431.93
-432.17
-432.05
-433.31
-433.81
-434.34
-435.2
-435.31
-435.52
-433.64
-434.14
-435.09
-434.09
-434.41
-438.4
-438.02
-436.89
-437.27
-433.52
-432.18
-432.14
-431.6
-431.34
-430.75
-430.45
-431.17
-429.36
-430.12
-432.92
-430.25
-429.15
-428.82
-428.47
-427.49
-427.9
-427.07
-427.59
-427.02
-426.97
-426.62
-425.55
-425.63
-425.48
-424.94
-424.85
-424.13
-424.53
-423.65
-423.91
-424.75
-424.79
-425.81
-424.84
-424.99
-427.23
-428.03
-425.92
-426.54
-427.09
-428.1
-428.67
-431.84
-432.16
-430.72
-434.27
-438.51
-437.05
-435.64
-438.95
-437.55
-440.52
-441.36
-442.21
-442.98
-441.97
-444.98
-446.03
-447.21
-448.58
-450.49
-451.81
-452.6
-453.97
-455.59
-456.84
-458.12
-459.12
-460.19
-460.88
-461.46
-462.18
-463.01
-463.7
-464.59
-465.64
-465.93
-466.36
-466.45
-467.47
-468.18
-468.43
-469.05
-469.59
-470.11
-470.79
-473.63
-472.62
-472.89
-473.58
-474.22
-474.95
-476.23
-476.6
-477
-477.51
-478
-478.6
-478.73
-479.26
-480.41
-481.16
-481.66
-482.11
-482.59
-483.15
-481.63
-483.63
-483.54
-483.49
-483.57
-483.73
-484.29
-484.16
-484.28
-484.09
-482.09
-482.17
-484.04
-484
-483.5
-484.8
-484.53
-484.3
-483.9
-483.1
-482.44
-485.9
-482.06
-482.3
-481.86
-481.3
-481.7
-481.2
-481.18
-481.36
-480.77
-480.88
-485.27
-480.89
-482.53
-481
-481.02
-481.25
-480.93
-480.31
-480.24
-479.93
-481.55
-479.58
-480.25
-480.2
-481.52
-480.13
-479.11
-479.4
-479.39
-480.37
-481.79
-480.77
-482.7
-482.61
-481.88
-483.72
-482.96
-482.06
-484.47
-483.52
-484.51
-486.65
-485.63
-486.55
-487.7
-489.12
-491.07
-490.19
-491.44
-493.6
-492.78
-494.12
-494.14
-495.11
-496.79
-497.28
-499.84
-499.29
-499.58
-501.88
-503.25
-504.12
-505.73
-507.03
-508.34
-512.11
-510.93
-510.98
-513.41
-512.89
-513.96
-515.67
-517.53
-518.24
-519.49
-520.36
-521.57
-526.58
-524.45
-526.15
-526.77
-531.16
-531.39
-529.53
-530.29
-530.29
-531.61
-531.45
-530.88
-530.81
-530.42
-529.81
-530.03
-528.96
-529.36
-528.75
-528.15
-528.97
-533.37
-533.2
-533.93
-534.74
-534.45
-530.6
-530.61
-531.2
-531.22
-532.54
-531.44
-532.23
-534.94
-534.14
-536.36
-538.36
-540.07
-541.26
-542.44
-546.82
-547.71
-549.4
-551.59
-554.13
-554.9
-557.64
-559.27
-561.85
-564.41
-564.79
-567.19
-568.52
-569.9
-571.15
-570.85
-574.69
-575.68
-577.3
-580.5
-581.73
-581.93
-585.78
-584.94
-587.12
-588.4
-588.45
-587.98
-589.2
-587.74
-589.01
-587.42
-587.45
-589.07
-588.89
-587.1
-586.66
-585.51
-585.03
-586.02
-584.91
-581.91
-583.16
-581.87
-582.32
-580.04
-579.24
-579.76
-579.5
-576.26
-577.16
-574.44
-574.53
-573.79
-571.88
-570.71
-569.6
-566.98
-568.05
-567
-565.68
-564.46
-562.39
-561.34
-559.43
-563.36
-562.33
-559.43
-555.19
-555.59
-555.7
-554.32
-552.56
-550.72
-547.38
-546.63
-544.76
-543.92
-542.42
-540.97
-539.43
-537.72
-536.22
-535.13
-533.41
-531.46
-529.49
-527.21
-525.9
-523.9
-521.9
-520.64
-519.11
-516.85
-515.46
-513.92
-512.66
-510.61
-509.16
-507.69
-506.39
-504.67
-503.12
-501.77
-500.72
-499.97
-498.51
-497.37
-496.59
-495.89
-495.6
-494.69
-493.22
-492.91
-491.28
-491.72
-491.19
-490.94
-489.75
-490.39
-490.01
-489.89
-488.62
-488.24
-487.97
-488.61
-488.75
-488.86
-488.86
-488.95
-488.56
-489.51
-489.12
-489.55
-490.5
-490.49
-489.67
-490.27
-490.5
-490.25
-490.82
-491.22
-491.42
-491.35
-491.82
-492.22
-492.29
-492.63
-492.72
-492.65
-492.12
-492.14
-492.67
-492.96
-493.23
-493.54
-494.3
-494.83
-495.22
-495.43
-496.12
-496.46
-496.23
-496.57
-496.83
-496.45
-496.75
-496.43
-496.6
-496.84
-496.93
-496.41
-496.82
-496.51
-496.95
-497.03
-496.87
-496.11
-496.17
-496.3
-495.84
-495.68
-495.21
-495.32
-495.07
-494.78
-494.12
-494.52
-493.62
-493.68
-493.34
-492.87
-492.38
-491.3
-490.67
-491.03
-490.18
-490.01
-489.73
-488.89
-489.15
-488.87
-488.23
-487.73
-487.92
-486.92
-486.63
-486.7
-486.31
-485.74
-485.69
-485.48
-484.7
-484.8
-484.3
-483.18
-482.4
-481.51
-481.08
-480.26
-479.12
-478.83
-477.77
-476.99
-475.65
-475.13
-473.95
-473.43
-472.46
-471.61
-471.43
-470.74
-469.99
-469.78
-471.67
-469.34
-468.41
-468.45
-468.22
-467.79
-467.33
-466.89
-466.16
-466.38
-466.61
-466.58
-466.54
-467.04
-466.77
-466.6
-466.46
-470.74
-469.01
-468.84
-469.56
-470.51
-471.39
-475.37
-472.73
-473.54
-477.67
-478.42
-476.57
-477.84
-480.12
-481.05
-481.92
-485.04
-484.58
-486.16
-487.55
-488.27
-489.62
-488.12
-490.68
-490.24
-493.9
-495.37
-494.74
-494.96
-496.75
-497.52
-499.62
-500.85
-502.68
-503.16
-505.4
-507.1
-508.53
-510.16
-511.13
-512.18
-513.5
-515.33
-516.53
-517.39
-518.56
-520.28
-521.25
-522.71
-523.95
-525.7
-527.07
-528.33
-529.41
-530.84
-531.84
-533.02
-534.61
-535.92
-536.82
-538.05
-540.01
-540.87
-542.01
-543.21
-544.57
-545.39
-546.63
-547.94
-548.52
-549.66
-550.79
-552.44
-553.12
-554.38
-555.52
-556.59
-558.39
-558.91
-560.01
-559.99
-561.57
-562.73
-563.12
-562.69
-562.84
-563.77
-563.95
-563.95
-564.73
-565.41
-565.74
-566.36
-567.27
-567.75
-568.99
-568.9
-570.66
-570.92
-571.45
-572.07
-572.65
-573.73
-574.22
-574.6
-575.31
-574.35
-574.01
-574.5
-573.7
-574.39
-573.73
-573.5
-573.24
-572.91
-572.69
-572.96
-571.91
-571.67
-571.15
-570.75
-570.64
-570.55
-570.91
-570.76
-570.87
-570.69
-570.75
-570.77
-570.8
-570.72
-571.01
-571.38
-571.22
-571.26
-571.39
-571.66
-571.75
-571.78
-572.04
-572.08
-572.3
-572.49
-572.61
-572.16
-572.74
-572.68
-572.74
-572.78
-572.83
-573.05
-573.07
-573.17
-573.33
-574.33
-573.44
-573.17
-572.89
-572.76
-572.2
-571.73
-569.53
-567.66
-565.73
-564.41
-561.34
-560.02
-556.9
-554.2
-552.16
-550.13
-548.48
-546.4
-543.88
-542.07
-540.42
-537.1
-534.88
-532.11
-529.45
-526.94
-525.01
-521.65
-519.33
-516.75
-514.33
-512.32
-510.04
-507.39
-504.74
-502.62
-499.2
-496.4
-493.86
-491.17
-487.93
-485.4
-483.31
-480.91
-478.74
-476.64
-474.97
-472.75
-471.59
-470.28
-467.51
-467.19
-464.56
-462.04
-460.84
-459.93
-458.63
-456.04
-454.65
-452.86
-452.07
-449.59
-447.72
-445.68
-443.33
-442.02
-440.12
-438.01
-435.67
-433.6
-433
-428.85
-426.64
-424.62
-422.2
-419.33
-417.35
-414.61
-411.5
-408.62
-405.54
-403.02
-400.12
-397.61
-394.86
-392.62
-389.74
-386.8
-384.05
-380.99
-377.93
-374.75
-371.81
-368.73
-365.87
-362.86
-360.38
-357.67
-355.27
-353.36
-352.08
-349.59
-348.64
-346.17
-344.87
-344.35
-343.1
-342.05
-341.11
-340.39
-339.43
-338.84
-338.09
-337.35
-336.48
-335.47
-334.53
-332.9
-331.95
-330.18
-328.96
-328.01
-326.12
-324.28
-322.71
-321.5
-319.39
-318.58
-317.24
-316.28
-313.94
-313.37
-313.43
-312.27
-312.65
-312.44
-312.09
-311.61
-310.9
-311.06
-310.14
-309.99
-310.31
-311.37
-311.11
-311.95
-313.41
-315.28
-316.89
-319.08
-321.35
-323.16
-325.37
-327.74
-329.54
-331.44
-333.02
-335.14
-337.01
-338.83
-340.89
-345.05
-347.42
-350
-352.71
-360.33
-363.29
-366.22
-369.69
-368.28
-375.56
-374.27
-377.72
-385.11
-383.7
-391.42
-394.58
-393.64
-396.45
-399.91
-403.81
-405.79
-411.03
-415.31
-419.45
-421.03
-426.82
-427.89
-433.83
-437.17
-441.41
-445.77
-451.46
-455.11
-459.41
-466.85
-469
-477.27
-478.64
-485.57
-488.88
-492.59
-497.91
-500.35
-504.53
-508.62
-515.25
-516.99
-524.5
-525.32
-529.54
-533.37
-538.68
-541.17
-549.53
-552.46
-556.19
-559.01
-562.15
-565.71
-569.73
-570.91
-572.76
-578.58
-579.13
-581.87
-584.35
-585.26
-587.57
-590.96
-592.77
-595.64
-597.38
-598.25
-601.94
-601.91
-604.26
-605.91
-606.14
-609.24
-608.87
-612.14
-613.98
-615.66
-617.46
-618.09
-620.19
-621.89
-624.34
-625.57
-627.87
-628.42
-637.28
-632.67
-633.97
-636.5
-637.49
-639.18
-640.76
-641.13
-641.8
-642.54
-648.28
-646.01
-646.33
-647.26
-653.38
-650.21
-651.91
-656.6
-653.83
-652.81
-655.11
-656.11
-656.64
-656.66
-656.69
-655.17
-655.75
-654.99
-655.2
-655.22
-653.3
-653.38
-653.99
-655.38
-654.87
-653.92
-657.15
-656.26
-656.06
-660.12
-657.08
-656.34
-656.54
-656.04
-656.28
-656.65
-657.94
-657.36
-655.92
-657.21
-656.97
-657.6
-656.75
-657.24
-658.32
-658.39
-658.81
-658.11
-659.09
-659.49
-666.06
-660.71
-660.47
-661.03
-661.05
-660.21
-661.83
-661.63
-661.45
-661.54
-660.68
-662.06
-662.74
-662.31
-662.01
-663.61
-663.26
-660.48
-660.04
-662.68
-659.55
-663.29
-661.82
-658.64
-663.94
-659.71
-659.85
-655.55
-656.88
-649.58
-650.28
-649.39
-642.28
-639.83
-639.81
-637.05
-630.04
-626.87
-622.87
-618.53
-616.7
-613.89
-610.73
-607.44
-605.3
-602.38
-598.94
-595.68
-593.44
-587.83
-589.69
-580.13
-578.42
-572.27
-570.84
-566.6
-562.18
-557.79
-553.77
-548.05
-544.42
-535.39
-538.09
-529.6
-521.47
-522.34
-513.26
-511.23
-502.1
-496.94
-491.61
-485.38
-478.98
-478.68
-471.05
-465.55
-459.53
-454.15
-448.39
-448.53
-438.39
-433.11
-426.94
-421.41
-416.43
-413.63
-405.6
-400.21
-395.41
-390.84
-385.22
-379.65
-374.71
-368.58
-365.03
-358.34
-354.1
-348.52
-341.68
-338.95
-337.89
-329.39
-323.04
-320.25
-314.77
-314.99
-307.25
-303.45
-298.87
-294.79
-290.98
-287.94
-282.57
-279.08
-279.49
-268.98
-266.43
-262.52
-258.42
-255.27
-252.04
-250.68
-246.06
-242.61
-239.94
-241.15
-235.7
-233.5
-231.78
-228.39
-225.13
-224.09
-223.05
-220.5
-218.47
-216.34
-214.1
-212.13
-210.59
-209.23
-207.55
-206.57
-205.78
-204.84
-203.55
-202.95
-202.19
-201.8
-200.1
-201.02
-201.58
-200.36
-203.51
-204.3
-204.49
-204.69
-204.78
-202.57
-202.93
-203.29
-205.28
-205.71
-204.7
-203.83
-206.96
-204.9
-205.5
-206.19
-207.02
-207.79
-208.22
-209.11
-209.39
-214.23
-209.79
-215.43
-211.66
-217.27
-217.85
-218.75
-214.55
-215.52
-217.65
-218.66
-218.75
-220.07
-222.56
-224.45
-226.47
-228.4
-231.2
-233.64
-236.25
-238.82
-241.78
-244.54
-247.13
-250.33
-253.03
-255.8
-258.63
-261.98
-263.97
-266.73
-269.7
-272.93
-275.69
-278.21
-280.95
-284.19
-286.82
-289.82
-293.11
-296.03
-298.52
-301.54
-305.14
-308.08
-311.98
-315.04
-318.24
-321.77
-325.49
-329.61
-333.32
-336.58
-340.12
-343.49
-347.36
-350.55
-354.59
-358.56
-361.95
-365.49
-367.5
-371.36
-373.47
-376.71
-379.87
-383.36
-386.71
-390.84
-392.87
-395.42
-397.94
-400.4
-402.77
-404.55
-407.44
-408.7
-409.9
-411.04
-412.32
-413.3
-414.02
-415.16
-415.2
-414.97
-414.8
-414.73
-415
-414.45
-414.79
-414.25
-414.69
-414.21
-414.03
-413.87
-413.61
-412.9
-411.98
-412.53
-411.09
-409.82
-410.23
-409.88
-409.64
-409.79
-409.36
-408.57
-409.73
-408.92
-409
-409.25
-408.79
-408.43
-408.4
-408.45
-407.13
-408.31
-407.26
-409.65
-408.06
-408.88
-409.16
-409.3
-410.51
-411
-411.64
-411.45
-411.8
-412.34
-412.19
-411.64
-412.47
-411.91
-412.43
-411.79
-411.66
-411.48
-411.33
-411.15
-410.45
-409.83
-409.16
-409.1
-407.91
-407.7
-407.13
-406.27
-405.07
-404.76
-403.43
-402.48
-401.5
-400.79
-398.79
-397.51
-396.39
-395.79
-393.48
-392.58
-391.48
-389.44
-387.95
-386.45
-385.11
-384.71
-383.51
-383.88
-382.2
-382.28
-380.82
-379.24
-378.76
-377.01
-376.64
-374.82
-373.32
-371.56
-370.01
-369.25
-367.65
-365.62
-363.55
-364.02
-361.14
-361.46
-358.85
-355.86
-356.32
-354.12
-352.02
-350.01
-347.71
-345.55
-343.64
-341.91
-340.11
-338.04
-335.96
-330.35
-330.15
-327.13
-324.64
-318.76
-316.29
-312.91
-310.4
-307.44
-306.26
-302.04
-301.88
-299.49
-295.48
-294.07
-291.81
-288.79
-287.47
-285.93
-284.69
-281.41
-280.08
-278.32
-277.19
-275.73
-274.84
-273.85
-273.58
-272.93
-272.58
-272.26
-271.99
-271.78
-272.02
-271.88
-271.87
-271.93
-271.93
-271.63
-271.95
-272.31
-271.98
-273.17
-272.21
-273.36
-273.67
-274.14
-274.48
-275.05
-275.32
-276.25
-277.17
-278.33
-279.84
-281.17
-283.35
-284.94
-286.86
-288.68
-290.81
-292.34
-294.72
-296.6
-299.11
-301.63
-303.79
-306.28
-308.8
-311.06
-313.22
-315.54
-317.32
-319.47
-321.73
-323.68
-325.89
-327.87
-329.86
-332.11
-334.54
-337.03
-339.69
-341.88
-344.25
-346.78
-349.31
-351.61
-353.67
-355.9
-358.27
-360.33
-362.87
-364.95
-367.34
-367.19
-371.06
-373.38
-375.63
-377.98
-380.53
-382.82
-385.4
-387.99
-390.58
-392.71
-395.4
-397.52
-400.76
-403.56
-405.93
-408.48
-410.48
-412.79
-415.48
-417.69
-420.22
-421.67
-423.92
-424.7
-425.66
-426.12
-426.53
-427.04
-427.4
-426.89
-427.21
-427.54
-427.89
-428.12
-427.8
-427.47
-427.66
-427.14
-426.64
-426.63
-426.02
-426.07
-425.3
-424.91
-423.89
-422.69
-422
-420.82
-420.03
-418.86
-417.9
-416.78
-416.13
-415.15
-414.16
-413.73
-412.6
-411.01
-411.92
-407.66
-407.64
-407.21
-406.37
-405.53
-404.93
-403.98
-403.91
-404.06
-404.26
-402.56
-402.23
-402.27
-400.8
-400.16
-399.86
-400.34
-401.72
-400.44
-400.32
-399.63
-399.65
-399.65
-397.93
-397.22
-397.43
-392.78
-393.93
-389.61
-390.95
-387.85
-386.62
-385.48
-383.21
-381.79
-378.95
-378.02
-376.76
-374.42
-372.7
-372.66
-369.88
-370.18
-366.89
-368.36
-368.7
-364.44
-362.22
-364.93
-360.15
-359.59
-359.17
-359.41
-357.14
-356.92
-355.41
-353.95
-352.81
-351.62
-350.6
-349.36
-348.12
-346.76
-345.73
-345.1
-344.12
-343.19
-341.92
-340.75
-340.46
-340.64
-339.62
-340.03
-339.51
-340.43
-338.73
-343.05
-339.05
-338.94
-338.23
-339.38
-337.02
-336.9
-336.15
-335.67
-335.85
-335.02
-335.09
-333.95
-333.71
-332.39
-335.99
-332.4
-332.29
-333.92
-333.39
-330.52
-331.36
-330.63
-332.78
-332.66
-332.53
-329.98
-329.03
-328.37
-328.78
-330.91
-329.27
-330.41
-332.17
-332.9
-333.84
-334.82
-335.41
-336.24
-337.32
-338.57
-339.82
-340.94
-342.21
-343.74
-345.06
-346.97
-348.76
-350.33
-352.43
-353.81
-355.87
-357.51
-359.27
-361
-363.28
-364.95
-366.99
-368.73
-371.7
-373.58
-375.99
-377.7
-381.15
-383.03
-385.79
-388.27
-391.23
-394.1
-396.77
-399.73
-402.77
-406.21
-409.78
-413.02
-416.22
-419.37
-422.47
-425.89
-429.01
-432.09
-435.15
-437.49
-440.67
-443.8
-446.4
-449.84
-453.16
-455.97
-458.82
-461.84
-465.12
-467.83
-469.62
-473.08
-475.14
-478.19
-481.34
-484.13
-486.78
-489.86
-492.51
-494.67
-497.86
-500.22
-502.94
-505.31
-507.02
-509.82
-511.28
-513.71
-515.66
-517.93
-519.59
-521.45
-523.52
-525.4
-528.11
-529.34
-531.24
-532.61
-534.46
-536.31
-537.81
-539.71
-540.96
-542.61
-544.16
-545.29
-547.22
-548.29
-549.77
-551.45
-552.83
-553.88
-555.43
-556.77
-557.97
-559.25
-560.02
-560.39
-561.3
-561.95
-562.89
-563.21
-563.74
-564.71
-565.25
-566.27
-566.52
-566.39
-568.4
-565.75
-568.29
-567.62
-567.4
-567.71
-567.72
-567.9
-565.42
-565.25
-565.31
-565.17
-565.11
-565.1
-564.66
-564.8
-564.78
-564.77
-564.77
-564.97
-564.91
-565.17
-565.27
-565.81
-565.51
-565.68
-565.74
-565.75
-565.94
-566.04
-566.06
-566.27
-566.37
-566.65
-566.78
-566.8
-567.01
-569.33
-569.54
-569.56
-569.86
-570.23
-570.43
-570.28
-571.21
-570.81
-571.02
-570.85
-568.89
-569.38
-569.53
-570.27
-571.8
-569.71
-569.22
-569.17
-565.97
-562.83
-559.38
-555.72
-550.19
-544.99
-541.04
-534.84
-529.34
-525
-520.02
-515.05
-510.69
-506.2
-501.22
-496.86
-491.42
-486.69
-481.05
-475.08
-470.69
-465.36
-459.77
-454.83
-449.97
-444.71
-440.98
-436.72
-432.49
-428
-424.03
-419.45
-414.53
-411.11
-403.35
-398.92
-394.37
-390.2
-386.13
-382.38
-379.15
-376.99
-374.5
-372.09
-370.71
-369.26
-368.07
-367.42
-366.73
-366.6
-366.41
-366.85
-367.38
-368.43
-370.31
-372.15
-374.65
-376.87
-379.34
-382.39
-385.85
-389.45
-392.74
-396.6
-400.85
-404.85
-409.22
-413.68
-418.32
-422.54
-426.72
-431.22
-435.91
-440.19
-444.33
-448.69
-452.21
-456.61
-460.27
-464.43
-467.19
-471.52
-474.85
-478.53
-482.28
-486.29
-489.75
-493.19
-497.11
-500.31
-504.03
-507.57
-511.53
-514.53
-518.56
-521.15
-524.75
-527.62
-529.83
-532.89
-534.76
-537.57
-539.82
-541.92
-544.89
-547.32
-548.9
-551.45
-553.27
-555.77
-556.73
-558.6
-559.34
-560.62
-561.46
-562.97
-564.07
-565.05
-566.36
-566.96
-568.18
-568.28
-568.52
-569.17
-568.73
-569.03
-569.22
-569.07
-569.73
-569.71
-569.67
-568.99
-569.4
-569.1
-570.03
-570.14
-570.25
-570.4
-570.51
-570.81
-571.08
-571.13
-571.25
-571.69
-571.89
-572.21
-572.42
-572.64
-572.8
-573.12
-573.24
-573.59
-573.2
-573.89
-574.13
-574.57
-575.02
-575.32
-575.31
-575.66
-576.69
-576.59
-577.23
-577.09
-576.88
-575.75
-574.88
-573.82
-572.31
-569.51
-566.67
-564.43
-560.84
-557.83
-554.45
-550.25
-546.04
-542.81
-538.27
-532.84
-528.03
-523.03
-517.18
-511.76
-506
-499.73
-493.58
-487.27
-481.07
-474.96
-468.32
-461.95
-455.94
-449
-442.19
-435.85
-428.77
-422.17
-415.19
-408.85
-402.68
-396.53
-390.29
-386.08
-379.76
-374.86
-370.07
-365.35
-361
-356.51
-352.68
-348.94
-346.03
-342.09
-339.15
-336.27
-333.95
-331.94
-330.12
-328.81
-327.91
-326.96
-326.77
-326.74
-327.22
-328.03
-328.53
-328.88
-330.58
-331.63
-334.74
-336.84
-337.77
-339.8
-343.12
-347.4
-349.37
-354.42
-358.69
-361.6
-365.76
-370.32
-374.78
-380.72
-383.57
-387.82
-391.7
-395.91
-400.31
-406.3
-407.2
-412.33
-420.39
-425.46
-430.53
-435.75
-437.3
-444.9
-446.97
-451.72
-456.27
-461.06
-465.58
-470
-474.19
-478.95
-483.3
-488.03
-493.37
-497.55
-501.57
-505.61
-509.16
-512.23
-515.49
-518.94
-521.41
-524.06
-527.24
-529.46
-531.58
-534.39
-536.48
-538.14
-539.93
-541.34
-543.02
-544.06
-545.88
-547.01
-548.42
-549.96
-551.08
-552.38
-553.68
-553.32
-556.26
-556.92
-555.4
-556.06
-556.17
-556.32
-556.28
-557.14
-561.46
-561.3
-558.19
-559.83
-560.42
-560.57
-563.96
-564.71
-560.62
-560.41
-560.48
-559.93
-559.09
-559.12
-558.32
-562.04
-562.22
-558.44
-558.19
-558.36
-557.25
-556.2
-555.18
-554.87
-554.25
-552.99
-552.15
-551.12
-551.38
-554.62
-554.46
-550.26
-549.85
-549.3
-548.61
-548
-547.58
-546.68
-546.78
-546.29
-545.9
-545.31
-544.7
-545.01
-544.88
-544.86
-544.84
-544.37
-545.17
-545.29
-544.82
-545.05
-545.11
-545.07
-544.95
-545.2
-545.32
-544.97
-544.92
-545.01
-544.77
-544.85
-544.8
-545.66
-544.83
-545.07
-545.57
-544.88
-545.66
-545.56
-545.77
-546.35
-546.48
-546.18
-546.7
-545.81
-545.9
-544.66
-542.87
-540.97
-538.18
-535.83
-532.74
-529.58
-526.55
-523.51
-520.16
-517.12
-513.73
-509.68
-506.05
-501.84
-497.33
-493.56
-488.75
-484.12
-479.03
-478.66
-473.37
-464.71
-459.24
-456.73
-448.15
-445.81
-436.56
-430.88
-424.96
-418.99
-413.25
-407.2
-400.93
-394.95
-389.09
-386.68
-380.9
-375.26
-369.39
-361.09
-355.88
-350.52
-345.8
-340.46
-335.43
-330.64
-329.16
-321.16
-316.39
-314.72
-306.63
-302.21
-297.71
-292.97
-289.06
-288.34
-284.62
-277.76
-274.49
-274.46
-268.27
-265.25
-262.4
-259.32
-256.61
-257.55
-251.95
-249.74
-247.65
-245.83
-244.07
-242.75
-241.74
-240.85
-240.03
-239.72
-239.37
-238.92
-240.04
-240.62
-246.63
-247.61
-248.74
-246.4
-251.38
-253.25
-255.16
-257.66
-256.32
-258.78
-261.43
-263.81
-266.56
-273.05
-271.36
-274.76
-276.46
-278.64
-280.92
-282.59
-285.38
-288.38
-291.66
-294.84
-297.54
-300.82
-305.02
-307.88
-312.81
-318.8
-328.02
-333.42
-338.53
-343.65
-348.93
-354.6
-360.31
-365.59
-371.03
-375.7
-381.09
-386.27
-391.58
-396.72
-402.34
-408.22
-413.56
-419.13
-424.93
-429.05
-434.52
-439.3
-443.38
-447.57
-450
-454.41
-457.32
-459.78
-462.9
-466.15
-468.63
-471.38
-474.31
-478.19
-481.16
-484.79
-487.66
-490.37
-493.48
-495.34
-497.52
-498.42
-500.14
-501.33
-502.26
-504.59
-506.3
-508.19
-510.31
-512.95
-514.98
-517.51
-518.36
-520.25
-522.13
-522.56
-523.93
-525.37
-527.34
-528.02
-529.89
-531.4
-531.86
-531.66
-531.84
-532.15
-532.96
-531.95
-533.17
-533.3
-532.43
-532.63
-533.09
-533
-533.43
-532.88
-533.37
-533.18
-533.25
-533.87
-533.88
-534.17
-534.41
-534.83
-533.95
-534.24
-534.55
-534.39
-534.33
-534.68
-534.76
-534.81
-535.48
-535.67
-534.86
-535.35
-535.6
-535.97
-535.61
-535.87
-535.79
-535.92
-536.25
-536.49
-536.49
-537.35
-537.26
-537
-537.27
-537.4
-537.97
-538.23
-539.27
-538.84
-539.14
-539.69
-540.06
-539.99
-540.67
-540.55
-540.97
-541.04
-541.21
-541.46
-541.84
-541.45
-541.36
-540.34
-539.92
-537.82
-536.24
-534.34
-532.15
-529.53
-527.02
-524.1
-521.24
-518.5
-515.64
-513.82
-510.46
-508.07
-505.86
-502.5
-499.33
-496.07
-492.38
-489.55
-484.67
-481.01
-476.77
-472.09
-468.03
-463.47
-459.35
-454.75
-450.61
-446.88
-442.76
-437.95
-434.08
-428.63
-424.02
-419.45
-414.85
-410.37
-405.54
-400.71
-396.25
-391.09
-386.36
-381.85
-377.08
-372.82
-367.85
-363.1
-359.45
-353.65
-349.31
-345.44
-340.96
-337.21
-333.57
-329.11
-325.6
-322.09
-317.71
-314.79
-311.8
-308.12
-305.62
-303.15
-300.5
-298.68
-297.38
-295.68
-293.86
-293.5
-292.58
-291.95
-291.29
-291.39
-290.59
-291.3
-291.25
-291.61
-291.89
-291.69
-291.77
-291.78
-292.17
-292.53
-292.7
-292.99
-294.5
-294.97
-295.54
-296.05
-297.39
-298.44
-299.87
-301.04
-301.98
-302.99
-303.22
-304.56
-304.8
-307.34
-308.56
-310.23
-311.78
-313.8
-314.84
-317.14
-319.98
-322.24
-325.64
-325.92
-328.94
-334.28
-335.81
-337.09
-339.5
-343.55
-349.27
-351.18
-354.57
-358.22
-362.32
-366.68
-373.52
-379.97
-383.54
-388.01
-393.51
-398.1
-402.65
-403.41
-408.72
-413.55
-419.79
-422.96
-426.76
-431.22
-437.08
-443.28
-447.65
-452.03
-458.7
-464.55
-469.51
-476.92
-480.73
-487.07
-490.07
-494.96
-498.02
-501.39
-506.78
-513.26
-514.29
-517.45
-520.26
-522.11
-526.86
-527.57
-531.11
-533.28
-535.77
-537.12
-539.24
-544.22
-542.92
-543.54
-544.36
-545.68
-545.92
-546.25
-546.98
-547.15
-549.09
-548.86
-547.64
-547.65
-548.01
-548.16
-549.52
-548.49
-552.64
-552.32
-549.62
-548.05
-548.34
-549.33
-548.88
-550.67
-550.51
-548.06
-549.98
-547.48
-547.49
-547.75
-548.04
-548.21
-547.84
-547.51
-547.51
-546.11
-546.96
-546.95
-545.44
-545.15
-545.52
-548.48
-548.12
-546.8
-547.83
-544.49
-547.51
-546.07
-543.91
-547.13
-544.78
-543.38
-544.63
-543.56
-544.52
-543.67
-544.28
-543.15
-544.35
-543.93
-542.3
-542.22
-543.5
-542.33
-545.67
-544.94
-545.52
-543.68
-544.64
-544.71
-545.49
-544.79
-543.18
-546.44
-546.68
-546.99
-545.23
-546.93
-546.85
-547.13
-546.04
-545.5
-544.09
-543.94
-546.88
-543.67
-543.01
-540.81
-538.09
-536.23
-533.2
-532.39
-528.52
-527.16
-523.12
-520.43
-517.77
-515.21
-515
-511.91
-508.16
-506.59
-504.49
-499.52
-498.45
-496.87
-490.1
-489.77
-486.39
-481.59
-476.63
-473.43
-471.02
-464.02
-459.85
-456.13
-452.05
-447.38
-445.3
-439.01
-434.7
-430.39
-425.96
-421.48
-417.43
-413.98
-409.6
-405.57
-401.53
-396.67
-391.38
-388.93
-384.72
-379.75
-374.48
-368.95
-366.27
-361.04
-357.57
-352.55
-347.42
-343.54
-339.34
-335.95
-329.29
-326.18
-321.3
-316.24
-311.41
-306.22
-307.7
-299.3
-294.72
-293.4
-285.34
-280.49
-275.71
-270.73
-265.82
-261.31
-256.65
-252.85
-248.78
-244.84
-240.47
-241.53
-237.47
-230.21
-226.89
-225.01
-224.47
-221.87
-219.28
-214.43
-213.83
-211.95
-209.3
-206.98
-204.71
-202.16
-199.25
-196.54
-193.65
-190.07
-188.66
-184.71
-183.38
-180.22
-178.39
-177.04
-176.07
-174.13
-172.3
-171.92
-170.42
-168.47
-167.46
-164.55
-164.62
-163.39
-162.27
-161.26
-162.54
-160.76
-161.95
-162.41
-163.18
-163.73
-164.13
-162.75
-163.4
-164.7
-162.42
-161.93
-162.6
-168.49
-166.47
-167.6
-169.12
-170.93
-169.65
-172.09
-174.11
-178.52
-177.89
-179.13
-181.83
-179.41
-179.49
-182.89
-184.02
-183.95
-184.11
-187.24
-189.03
-190.82
-188.99
-195.25
-193.02
-195.72
-199.3
-197.41
-197.76
-202.38
-205.67
-208.1
-206.02
-211.73
-218.92
-221.85
-224.83
-228.85
-233.25
-235.53
-241
-243.9
-248.05
-250.31
-255.75
-259.63
-265.3
-268.94
-274.1
-280.34
-285.12
-288.74
-297.04
-301.16
-306.2
-313.27
-317.74
-325.01
-330.93
-337.28
-341.02
-348.8
-355.19
-362.41
-364.18
-371.46
-378.13
-383.77
-389.45
-395.7
-400.68
-408.14
-414.77
-420.57
-428.13
-433.84
-438.69
-444.83
-448.46
-456.12
-463.45
-471.04
-474.18
-478.89
-487.19
-488.23
-493.82
-498.27
-503.78
-507.16
-517.58
-517.57
-523.01
-528.84
-533.3
-537.32
-542.2
-546.34
-550.14
-555.14
-559.94
-563.92
-574.64
-573.46
-576.02
-581.39
-584.68
-587.63
-591.54
-601.61
-600.06
-600.63
-603.55
-610.73
-607.61
-608.94
-613.86
-616.03
-613.85
-614.69
-616.46
-617.52
-626.35
-620.31
-622.47
-623.26
-625.25
-624.98
-626.6
-626.59
-636.17
-627.12
-633.19
-631.98
-633.67
-636.16
-641.79
-636.91
-642.7
-642.36
-642.4
-648.22
-652.91
-652.64
-646.9
-650.51
-647.77
-654.94
-648.37
-653.47
-661.16
-659.69
-660.21
-657.06
-657.78
-658.97
-659.62
-664.16
-663.74
-665.33
-665.02
-661.29
-658.64
-665.52
-665.3
-662.29
-664.8
-664.67
-666.36
-667.67
-667.35
-658.11
-662.21
-666.87
-667.13
-667.13
-667.15
-667.26
-667.27
-660.29
-657.33
-657.22
-667.1
-660.53
-666.27
-657.91
-666.25
-666.44
-666.46
-659.17
-666.37
-666.37
-660.37
-656.86
-658.84
-666.61
-663.89
-662.07
-658.21
-659.79
-666.51
-659.34
-666.81
-658.37
-666.82
-666.8
-667.17
-666.97
-660.26
-667.06
-666.89
-667.05
-666.48
-666.33
-666.38
-662.35
-656.04
-661.74
-661.42
-660.9
-652.51
-659.56
-658.35
-650.49
-654.61
-652.35
-650.04
-647.53
-644.79
-642.09
-633.98
-636.57
-633.65
-630.06
-627.58
-626.73
-620.61
-617.02
-615.9
-609.32
-605.46
-601.16
-595.53
-591.96
-590.18
-585.85
-580.67
-572.22
-567.66
-562.2
-557.49
-550.06
-547.67
-543.33
-538.83
-532.94
-527.4
-523.33
-522.09
-520.84
-516.99
-513.25
-510.46
-500.19
-501.53
-494.81
-495.61
-495.54
-489.02
-490.7
-481.22
-483.91
-484.38
-479.22
-477.76
-480.35
-476.96
-476.93
-475.21
-468.4
-467.37
-465.55
-466.26
-471.14
-471.41
-471.15
-471.56
-469.09
-466.68
-468.26
-467.44
-468.86
-473.65
-470.15
-475.18
-472.24
-476.45
-472.56
-472.78
-472.69
-474.26
-473.33
-473.55
-473.82
-473.08
-474.33
-473.99
-478.22
-474.42
-475.91
-476.57
-476.98
-478.74
-479.49
-481.07
-483.4
-484.64
-486.57
-487.76
-490
-491.91
-493.03
-495.83
-500.32
-500.08
-501.54
-503.24
-503.15
-505.46
-510.27
-511.69
-511.89
-515.98
-514.6
-518.35
-517.26
-518.14
-522.43
-523.77
-524.87
-526.63
-527.64
-529.35
-530.31
-532.11
-535.02
-536.02
-537.5
-536.58
-537.2
-538.21
-539.26
-539.42
-539.54
-540.28
-540.57
-541.95
-540.65
-541.01
-541.11
-541.11
-541.24
-541.47
-541.8
-542.05
-541.9
-544.7
-542.24
-542.12
-541.92
-541.94
-541.88
-541.79
-541.8
-541.33
-541.17
-543.47
-543.35
-539.85
-539.58
-539.19
-538.92
-538.93
-538.78
-538.66
-538.77
-538.65
-538.63
-538.37
-538.43
-538.94
-539.54
-540.39
-541.31
-540.86
-540.04
-539.5
-542.11
-541.71
-541.34
-537.8
-537.45
-536.84
-536.44
-536.03
-535.79
-539.51
-535.48
-535.54
-534.99
-535.19
-534.85
-535.14
-534.77
-534.94
-534.87
-534.78
-534.57
-534.3
-533.95
-536.93
-536.81
-536.7
-536.81
-533.91
-533.96
-533.94
-534.03
-534.21
-534.26
-534.59
-534.71
-534.98
-535.13
-535.24
-535.45
-535.47
-538.96
-539.2
-536.09
-536.08
-536.4
-539.63
-539.74
-536.52
-539.77
-536.67
-536.62
-536.45
-536.51
-536.48
-536.25
-536.37
-536.54
-536.35
-536.46
-536.49
-536.57
-536.59
-536.76
-536.62
-536.61
-536.74
-536.8
-536.82
-536.88
-536.96
-539.84
-537
-539.74
-539.93
-539.77
-539.98
-536.93
-536.78
-536.91
-536.88
